# -*- coding: utf-8 -*-
"""
Created on Sat May 18 10:38:08 2024

@author: Rodrigo Meira
"""

Aij = [[0.000000000000, -0.479999989271164, 9.52000021934509e-002, 0.449999988079071, 0.449999988079071, 0.529999971389771, 0.519999980926514, 0.519999980926514, 0.500000000000000, 0.500000000000000, 0.500000000000000, 0.500000000000000, 0.500000000000000, 0.500000000000000, 0.500000000000000, 0.500000000000000, 0.500000000000000, 0.500000000000000, 0.500000000000000, 0.500000000000000, 0.500000000000000, 0.500000000000000, 0.500000000000000, 0.500000000000000, 0.500000000000000], 
       [-0.479999989271164, 0.000000000000, -1.70000009238720e-002, 3.10999993234873e-002, 5.15000000596046e-002, 8.51999968290329e-002, 0.103299997746944, 7.99999982118607e-002, 9.22000035643578e-002, 9.99999865889549e-002, 7.99999982118607e-002, 7.99999982118607e-002, 7.99999907612801e-002, 7.99999982118607e-002, 7.99999982118607e-002, 7.99999982118607e-002, 7.99999982118607e-002, 7.99999907612801e-002, 7.99999982118607e-002, 7.99999982118607e-002, 7.99999982118607e-002, 7.99999982118607e-002, 7.99999982118607e-002, 7.99999982118607e-002, 7.99999684095383e-002], 
       [9.52000021934509e-002, -1.70000009238720e-002, 0.000000000000, 0.119999997317791, 0.119999989867210, 0.119999989867210, 0.119999997317791, 0.119999997317791, 0.119999997317791, 0.119999997317791, 8.22594836354256e-002, 0.062259491533041, 0.062259491533041, 6.22594803571701e-002, 6.22594803571701e-002, 6.22594803571701e-002, 0.062259491533041, 6.22594803571701e-002, 6.22594803571701e-002, 6.22594803571701e-002, 6.22594803571701e-002, 6.22594803571701e-002, 0.062259491533041, 6.22594840824604e-002, 0.094187431037426], 
       [0.449999988079071, 3.10999993234873e-002, 0.119999997317791, 0.000000000000, 0.000000000000000, 0.000000000000000, 0.000000000000000, 0.000000000000000, 0.000000000000000, 0.000000000000000, -3.76659296452999e-002, -3.76659296452999e-002, -3.76659296452999e-002, -3.76659296452999e-002, -3.76659296452999e-002, -3.76659296452999e-002, -3.76659296452999e-002, -3.76659296452999e-002, -3.76659296452999e-002, -3.76659296452999e-002, -3.76659296452999e-002, -3.76659296452999e-002, -3.76659296452999e-002, -3.76659296452999e-002, 0.074767492711544], 
       [0.449999988079071, 5.15000000596046e-002, 0.119999989867210, 0.000000000000000, 0.000000000000, 0.000000000000000, 0.000000000000000, 0.000000000000000, 0.000000000000000, 0.000000000000000, 0.000000000000000, 0.000000000000000, 0.000000000000000, 0.000000000000000, 0.000000000000000, 0.000000000000000, 0.000000000000000, 0.000000000000000, 0.000000000000000, 0.000000000000000, 0.000000000000000, 0.000000000000000, 0.000000000000000, 0.000000000000000, 0.000000000000000], 
       [0.529999971389771, 8.51999968290329e-002, 0.119999989867210, 0.000000000000000, 0.000000000000000, 0.000000000000, 0.000000000000000, 0.000000000000000, 0.000000000000000, 0.000000000000000, 0.000000000000000, 0.000000000000000, 0.000000000000000, 0.000000000000000, 0.000000000000000, 0.000000000000000, 0.000000000000000, 0.000000000000000, 0.000000000000000, 0.000000000000000, 0.000000000000000, 0.000000000000000, 0.000000000000000, 0.000000000000000, 0.000000000000000], 
       [0.519999980926514, 0.103299997746944, 0.119999997317791, 0.000000000000000, 0.000000000000000, 0.000000000000000, 0.000000000000, 0.000000000000000, 0.000000000000000, 0.000000000000000, 0.000000000000000, 0.000000000000000, 0.000000000000000, 0.000000000000000, 0.000000000000000, 0.000000000000000, 0.000000000000000, 0.000000000000000, 0.000000000000000, 0.000000000000000, 0.000000000000000, 0.000000000000000, 0.000000000000000, 0.000000000000000, 0.000000000000000], 
       [0.519999980926514, 7.99999982118607e-002, 0.119999997317791, 0.000000000000000, 0.000000000000000, 0.000000000000000, 0.000000000000000, 0.000000000000, 0.000000000000000, 0.000000000000000, 0.000000000000000, 0.000000000000000, 0.000000000000000, 0.000000000000000, 0.000000000000000, 0.000000000000000, 0.000000000000000, 0.000000000000000, 0.000000000000000, 0.000000000000000, 0.000000000000000, 0.000000000000000, 0.000000000000000, 0.000000000000000, 0.000000000000000], 
       [0.500000000000000, 9.22000035643578e-002, 0.119999997317791, 0.000000000000000, 0.000000000000000, 0.000000000000000, 0.000000000000000, 0.000000000000000, 0.000000000000, 0.000000000000000, 0.000000000000000, 0.000000000000000, 0.000000000000000, 0.000000000000000, 0.000000000000000, 0.000000000000000, 0.000000000000000, 0.000000000000000, 0.000000000000000, 0.000000000000000, 0.000000000000000, 0.000000000000000, 0.000000000000000, 0.000000000000000, 0.000000000000000], 
       [0.500000000000000, 9.99999865889549e-002, 0.119999997317791, 0.000000000000000, 0.000000000000000, 0.000000000000000, 0.000000000000000, 0.000000000000000, 0.000000000000000, 0.000000000000, 0.000000000000000, 0.000000000000000, 0.000000000000000, 0.000000000000000, 0.000000000000000, 0.000000000000000, 0.000000000000000, 0.000000000000000, 0.000000000000000, 0.000000000000000, 0.000000000000000, 0.000000000000000, 0.000000000000000, 0.000000000000000, 0.000000000000000], 
       [0.500000000000000, 7.99999982118607e-002, 8.22594836354256e-002, -3.76659296452999e-002, 0.000000000000000, 0.000000000000000, 0.000000000000000, 0.000000000000000, 0.000000000000000, 0.000000000000000, 0.000000000000, 0.000000000000000, 0.000000000000000, 0.000000000000000, 0.000000000000000, 0.000000000000000, 0.000000000000000, 0.000000000000000, 0.000000000000000, 0.000000000000000, 0.000000000000000, 0.000000000000000, 0.000000000000000, 0.000000000000000, 0.000000000000000], 
       [0.500000000000000, 7.99999982118607e-002, 0.062259491533041, -3.76659296452999e-002, 0.000000000000000, 0.000000000000000, 0.000000000000000, 0.000000000000000, 0.000000000000000, 0.000000000000000, 0.000000000000000, 0.000000000000, 0.000000000000000, 0.000000000000000, 0.000000000000000, 0.000000000000000, 0.000000000000000, 0.000000000000000, 0.000000000000000, 0.000000000000000, 0.000000000000000, 0.000000000000000, 0.000000000000000, 0.000000000000000, 0.000000000000000], 
       [0.500000000000000, 7.99999907612801e-002, 0.062259491533041, -3.76659296452999e-002, 0.000000000000000, 0.000000000000000, 0.000000000000000, 0.000000000000000, 0.000000000000000, 0.000000000000000, 0.000000000000000, 0.000000000000000, 0.000000000000, 0.000000000000000, 0.000000000000000, 0.000000000000000, 0.000000000000000, 0.000000000000000, 0.000000000000000, 0.000000000000000, 0.000000000000000, 0.000000000000000, 0.000000000000000, 0.000000000000000, 0.000000000000000], 
       [0.500000000000000, 7.99999982118607e-002, 6.22594803571701e-002, -3.76659296452999e-002, 0.000000000000000, 0.000000000000000, 0.000000000000000, 0.000000000000000, 0.000000000000000, 0.000000000000000, 0.000000000000000, 0.000000000000000, 0.000000000000000, 0.000000000000, 0.000000000000000, 0.000000000000000, 0.000000000000000, 0.000000000000000, 0.000000000000000, 0.000000000000000, 0.000000000000000, 0.000000000000000, 0.000000000000000, 0.000000000000000, 0.000000000000000], 
       [0.500000000000000, 7.99999982118607e-002, 6.22594803571701e-002, -3.76659296452999e-002, 0.000000000000000, 0.000000000000000, 0.000000000000000, 0.000000000000000, 0.000000000000000, 0.000000000000000, 0.000000000000000, 0.000000000000000, 0.000000000000000, 0.000000000000000, 0.000000000000, 0.000000000000000, 0.000000000000000, 0.000000000000000, 0.000000000000000, 0.000000000000000, 0.000000000000000, 0.000000000000000, 0.000000000000000, 0.000000000000000, 0.000000000000000], 
       [0.500000000000000, 7.99999982118607e-002, 6.22594803571701e-002, -3.76659296452999e-002, 0.000000000000000, 0.000000000000000, 0.000000000000000, 0.000000000000000, 0.000000000000000, 0.000000000000000, 0.000000000000000, 0.000000000000000, 0.000000000000000, 0.000000000000000, 0.000000000000000, 0.000000000000, 0.000000000000000, 0.000000000000000, 0.000000000000000, 0.000000000000000, 0.000000000000000, 0.000000000000000, 0.000000000000000, 0.000000000000000, 0.000000000000000], 
       [0.500000000000000, 7.99999982118607e-002, 0.062259491533041, -3.76659296452999e-002, 0.000000000000000, 0.000000000000000, 0.000000000000000, 0.000000000000000, 0.000000000000000, 0.000000000000000, 0.000000000000000, 0.000000000000000, 0.000000000000000, 0.000000000000000, 0.000000000000000, 0.000000000000000, 0.000000000000, 0.000000000000000, 0.000000000000000, 0.000000000000000, 0.000000000000000, 0.000000000000000, 0.000000000000000, 0.000000000000000, 0.000000000000000], 
       [0.500000000000000, 7.99999907612801e-002, 6.22594803571701e-002, -3.76659296452999e-002, 0.000000000000000, 0.000000000000000, 0.000000000000000, 0.000000000000000, 0.000000000000000, 0.000000000000000, 0.000000000000000, 0.000000000000000, 0.000000000000000, 0.000000000000000, 0.000000000000000, 0.000000000000000, 0.000000000000000, 0.000000000000, 0.000000000000000, 0.000000000000000, 0.000000000000000, 0.000000000000000, 0.000000000000000, 0.000000000000000, 0.000000000000000], 
       [0.500000000000000, 7.99999982118607e-002, 6.22594803571701e-002, -3.76659296452999e-002, 0.000000000000000, 0.000000000000000, 0.000000000000000, 0.000000000000000, 0.000000000000000, 0.000000000000000, 0.000000000000000, 0.000000000000000, 0.000000000000000, 0.000000000000000, 0.000000000000000, 0.000000000000000, 0.000000000000000, 0.000000000000000, 0.000000000000, 0.000000000000000, 0.000000000000000, 0.000000000000000, 0.000000000000000, 0.000000000000000, 0.000000000000000], 
       [0.500000000000000, 7.99999982118607e-002, 6.22594803571701e-002, -3.76659296452999e-002, 0.000000000000000, 0.000000000000000, 0.000000000000000, 0.000000000000000, 0.000000000000000, 0.000000000000000, 0.000000000000000, 0.000000000000000, 0.000000000000000, 0.000000000000000, 0.000000000000000, 0.000000000000000, 0.000000000000000, 0.000000000000000, 0.000000000000000, 0.000000000000, 0.000000000000000, 0.000000000000000, 0.000000000000000, 0.000000000000000, 0.000000000000000], 
       [0.500000000000000, 7.99999982118607e-002, 6.22594803571701e-002, -3.76659296452999e-002, 0.000000000000000, 0.000000000000000, 0.000000000000000, 0.000000000000000, 0.000000000000000, 0.000000000000000, 0.000000000000000, 0.000000000000000, 0.000000000000000, 0.000000000000000, 0.000000000000000, 0.000000000000000, 0.000000000000000, 0.000000000000000, 0.000000000000000, 0.000000000000000, 0.000000000000, 0.000000000000000, 0.000000000000000, 0.000000000000000, 0.000000000000000], 
       [0.500000000000000, 7.99999982118607e-002, 6.22594803571701e-002, -3.76659296452999e-002, 0.000000000000000, 0.000000000000000, 0.000000000000000, 0.000000000000000, 0.000000000000000, 0.000000000000000, 0.000000000000000, 0.000000000000000, 0.000000000000000, 0.000000000000000, 0.000000000000000, 0.000000000000000, 0.000000000000000, 0.000000000000000, 0.000000000000000, 0.000000000000000, 0.000000000000000, 0.000000000000, 0.000000000000000, 0.000000000000000, 0.000000000000000], 
       [0.500000000000000, 7.99999982118607e-002, 0.062259491533041, -3.76659296452999e-002, 0.000000000000000, 0.000000000000000, 0.000000000000000, 0.000000000000000, 0.000000000000000, 0.000000000000000, 0.000000000000000, 0.000000000000000, 0.000000000000000, 0.000000000000000, 0.000000000000000, 0.000000000000000, 0.000000000000000, 0.000000000000000, 0.000000000000000, 0.000000000000000, 0.000000000000000, 0.000000000000000, 0.000000000000, 0.000000000000000, 0.000000000000000], 
       [0.500000000000000, 7.99999982118607e-002, 6.22594840824604e-002, -3.76659296452999e-002, 0.000000000000000, 0.000000000000000, 0.000000000000000, 0.000000000000000, 0.000000000000000, 0.000000000000000, 0.000000000000000, 0.000000000000000, 0.000000000000000, 0.000000000000000, 0.000000000000000, 0.000000000000000, 0.000000000000000, 0.000000000000000, 0.000000000000000, 0.000000000000000, 0.000000000000000, 0.000000000000000, 0.000000000000000, 0.000000000000, 0.000000000000000], 
       [0.500000000000000, 7.99999684095383e-002, 0.094187431037426, 0.074767492711544, 0.000000000000000, 0.000000000000000, 0.000000000000000, 0.000000000000000, 0.000000000000000, 0.000000000000000, 0.000000000000000, 0.000000000000000, 0.000000000000000, 0.000000000000000, 0.000000000000000, 0.000000000000000, 0.000000000000000, 0.000000000000000, 0.000000000000000, 0.000000000000000, 0.000000000000000, 0.000000000000000, 0.000000000000000, 0.000000000000000, 0.000000000000]]

kp = [[0.374640000000000, 1.54226000000000, -0.269920000000000, 0.000000000000000],
      [0.374640000000000, 1.54226000000000, -0.269920000000000, 0.000000000000000],
      [0.374640000000000, 1.54226000000000, -0.269920000000000, 0.000000000000000],
      [0.374640000000000, 1.54226000000000, -0.269920000000000, 0.000000000000000],
      [0.374640000000000, 1.54226000000000, -0.269920000000000, 0.000000000000000],
      [0.374640000000000, 1.54226000000000, -0.269920000000000, 0.000000000000000],
      [0.374640000000000, 1.54226000000000, -0.269920000000000, 0.000000000000000],
      [0.374640000000000, 1.54226000000000, -0.269920000000000, 0.000000000000000],
      [0.374640000000000, 1.54226000000000, -0.269920000000000, 0.000000000000000],
      [0.374640000000000, 1.54226000000000, -0.269920000000000, 0.000000000000000],
      [0.374640000000000, 1.54226000000000, -0.269920000000000, 0.000000000000000],
      [0.374640000000000, 1.54226000000000, -0.269920000000000, 0.000000000000000],
      [0.374640000000000, 1.54226000000000, -0.269920000000000, 0.000000000000000],
      [0.374640000000000, 1.54226000000000, -0.269920000000000, 0.000000000000000],
      [0.374640000000000, 1.54226000000000, -0.269920000000000, 0.000000000000000],
      [0.379640000000000, 1.48503000000000, -0.164420000000000, 0.016666000000000],
      [0.379640000000000, 1.48503000000000, -0.164420000000000, 0.016666000000000],
      [0.379640000000000, 1.48503000000000, -0.164420000000000, 0.016666000000000],
      [0.379640000000000, 1.48503000000000, -0.164420000000000, 0.016666000000000],
      [0.379640000000000, 1.48503000000000, -0.164420000000000, 0.016666000000000],
      [0.379640000000000, 1.48503000000000, -0.164420000000000, 0.016666000000000],
      [0.379640000000000, 1.48503000000000, -0.164420000000000, 0.016666000000000],
      [0.379640000000000, 1.48503000000000, -0.164420000000000, 0.016666000000000],
      [0.379640000000000, 1.48503000000000, -0.164420000000000, 0.016666000000000],
      [0.379640000000000, 1.48503000000000, -0.164420000000000, 0.016666000000000]]


critical_table = [['H2O', 18.015100479126, 99.9980102539063, 997.986022949219, 374.149011230469, 22120, 0.0571000017225742, 0.34400001168251, 0.234683279014232, 647.299011230469],
                  ['N2_2*', 28.0100002288818, -195.749998474121, 809, -146.950003051758, 3394.38745117188, 0.0898000001907349, 0.0399999991059303, 0.29049874038572, 126.199996948242],
                  ['CO2_2*', 44.0099983215332, -78.5000061035156, 818, 31.0500122070313, 7376.4599609375, 0.0939999967813492, 0.224999994039536, 0.274146337501224, 304.200012207031],
                  ['C1_2*', 16.0400009155273, -161.550001525879, 300, -82.5499938964844, 4600.15478515625, 0.0989999994635582, 0.00800000037997961, 0.287376052093737, 190.600006103516],
                  ['C2_2*', 30.0699996948242, -88.5499938964844, 356, 32.2499938964844, 4883.86474609375, 0.148000001907349, 0.0979999974370003, 0.284657199410734, 305.399993896484],
                  ['C3_2*', 44.0999984741211, -42.0499938964844, 507, 96.6499877929688, 4245.517578125, 0.202999994158745, 0.151999995112419, 0.280301630170948, 369.799987792968],
                  ['iC4_2*', 58.1199989318848, -11.7500061035156, 563, 134.950006103516, 3647.69995117188, 0.263000011444092, 0.175999999046326, 0.282731450145999, 408.100006103516],
                  ['nC4_2*', 58.1199989318848, -0.449987792968727, 584, 152.050012207031, 3799.68725585938, 0.254999995231628, 0.193000003695488, 0.274069434347815, 425.200012207031],
                  ['iC5_2*', 72.1500015258789, 27.85, 625, 187.249993896484, 3384.2548828125, 0.305999994277954, 0.226999998092651, 0.270529743391156, 460.399993896484],
                  ['nC5_2*', 72.1500015258789, 36.0500122070313, 631, 196.450006103516, 3374.12231445313, 0.303999990224838, 0.250999987125397, 0.262707302465763, 469.600006103516],
                  ['C6_2*', 86.1800003051758, 68.7499938964844, 664, 268.310021972656, 2898.908203125, 0.370000004768372, 0.306499987840652, 0.238251499974607, 541.460021972656],
                  ['C7_2*', 96, 91.9500061035156, 738, 306.959985351563, 2875.603515625, 0.4755499958992, 0.349400013685226, 0.283518037731527, 580.109985351563],
                  ['C8_2*', 107, 116.749993896484, 765, 329.800012207031, 2635.46313476563, 0.487839996814728, 0.388300001621246, 0.256459557588542, 602.950012207031],
                  ['C9_2*', 121, 142.249993896484, 781, 356.560021972656, 2371.0048828125, 0.529179990291595, 0.437400013208389, 0.239640989589727, 629.710021972656],
                  ['C10_2*', 134, 165.85, 792, 379.569970703125, 2178.4873046875, 0.573710024356842, 0.482499986886978, 0.230296012470017, 652.719970703125],
                  ['C11_2*', 147, 187.249993896484, 796, 401.180017089844, 2016.36743164063, 0.627059996128082, 0.523000001907349, 0.225513281478804, 674.330017089844],
                  ['C12_2*', 161, 208.35, 810, 423.130029296875, 1891.73767089844, 0.675170004367828, 0.568300008773804, 0.220625628668133, 696.280029296875],
                  ['C13_2*', 175, 227.249993896484, 825, 443.969995117188, 1792.43920898438, 0.724049985408782, 0.61269998550415, 0.217664197428099, 717.119995117188],
                  ['C14_2*', 190, 246.449975585938, 836, 465.319970703125, 1701.24670410156, 0.782989978790283, 0.659099996089935, 0.216948428205786, 738.469970703125],
                  ['C15_2*', 206, 265.85, 842, 487.139978027344, 1616.13366699219, 0.852150022983551, 0.707199990749359, 0.217861213836592, 760.289978027344],
                  ['C16_2*', 222, 282.85, 849, 508.12001953125, 1547.23266601563, 0.921410024166107, 0.754100024700165, 0.219469031336391, 781.27001953125],
                  ['C17_2*', 237, 299.85, 845, 527.190026855469, 1481.37145996094, 0.994430005550385, 0.796599984169006, 0.221375473484243, 800.340026855469],
                  ['C18_2*', 251, 312.85, 848, 544.459985351563, 1435.77514648438, 1.05789995193481, 0.835300028324127, 0.223434735023799, 817.609985351563],
                  ['C19_2*', 263, 324.85, 858, 558.889978027344, 1407.40417480469, 1.1085000038147, 0.86760002374649, 0.225515391130304, 832.039978027344],
                  ['C20+_2*', 515.330017089844, 525.709985351563, 941.299987792969, 771.939965820313, 1180.43615722656, 2.80769991874695, 1.05289995670319, 0.381421669118703, 1045.08996582031],
                  ['H20*', 18.0149993896484, 99.9999938964844, 999, 374.149987792969, 22088.740234375, 0.0560000017285347, 0.34400001168251, 0.229836625524214, 647.299987792969],
                  ['H2S*', 34.0800018310547, -59.65, 153.746856689453, 100.050012207031, 8936.986328125, 0.0989999994635582, 0.100000001490116, 0.28513496979719, 373.200012207031],
                  ['N2_1*', 28.0100002288818, -195.749998474121, 809, -146.950003051758, 3394.38745117188, 0.0898000001907349, 0.0399999991059303, 0.29049874038572, 126.199996948242],
                  ['CO2_1*', 44.0099983215332, -78.5000061035156, 818, 31.0500122070313, 7376.4599609375, 0.0939999967813492, 0.224999994039536, 0.274146337501224, 304.200012207031],
                  ['C1_1*', 16.0400009155273, -161.550001525879, 300, -82.5499938964844, 4600.15478515625, 0.0989999994635582, 0.00800000037997961, 0.287376052093737, 190.600006103516],
                  ['C2_1*', 30.0699996948242, -88.5499938964844, 356, 32.2499938964844, 4883.86474609375, 0.148000001907349, 0.0979999974370003, 0.284657199410734, 305.399993896484],
                  ['C3_1*', 44.0999984741211, -42.0499938964844, 507, 96.6499877929688, 4245.517578125, 0.202999994158745, 0.151999995112419, 0.280301630170948, 369.799987792968],
                  ['iC4_1*', 58.1199989318848, -11.7500061035156, 563, 134.950006103516, 3647.69995117188, 0.263000011444092, 0.175999999046326, 0.282731450145999, 408.100006103516],
                  ['nC4_1*', 58.1199989318848, -0.449987792968727, 584, 152.050012207031, 3799.68725585938, 0.254999995231628, 0.193000003695488, 0.274069434347815, 425.200012207031],
                  ['iC5_1*', 72.1500015258789, 27.85, 625, 187.249993896484, 3384.2548828125, 0.305999994277954, 0.226999998092651, 0.270529743391156, 460.399993896484],
                  ['nC5_1*', 72.1500015258789, 36.0500122070313, 631, 196.450006103516, 3374.12231445313, 0.303999990224838, 0.250999987125397, 0.262707302465763, 469.600006103516],
                  ['C6_1*', 86.1800003051758, 68.7499938964844, 664, 234.249993896484, 2968.82250976563, 0.370000004768372, 0.296000003814697, 0.260376241322231, 507.399993896484],
                  ['C7_1*', 96, 91.9500061035156, 738, 263.810021972656, 2945.517578125, 0.475499987602234, 0.337399989366531, 0.313715533705546, 536.960021972656],
                  ['C8_1*', 107, 116.749993896484, 765, 285.000024414063, 2766.17236328125, 0.487800002098083, 0.375200003385544, 0.29076085348022, 558.150024414063],
                  ['C9_1*', 121, 142.249993896484, 781, 308.519982910156, 2550.35009765625, 0.529200017452239, 0.422600001096725, 0.279067233118418, 581.669982910156],
                  ['C10_1*', 134, 165.85, 792, 328.459985351563, 2384.17724609375, 0.57370001077652, 0.466100007295609, 0.273447658052672, 601.609985351563],
                  ['C11_1*', 147, 187.249993896484, 796, 346.649987792969, 2239.28247070313, 0.627099990844727, 0.504899978637695, 0.272495891531098, 619.799987792969],
                  ['C12_1*', 161, 208.35, 810, 365.860009765625, 2123.77197265625, 0.67519998550415, 0.548099994659424, 0.269897272319288, 639.010009765625],
                  ['C13_1*', 175, 227.249993896484, 825, 384.209985351563, 2030.55297851563, 0.72409999370575, 0.590200006961823, 0.269014352798608, 657.359985351563],
                  ['C14_1*', 190, 246.449975585938, 836, 402.62001953125, 1942.40014648438, 0.782999992370605, 0.63400000333786, 0.270686992455959, 675.77001953125],
                  ['C15_1*', 206, 265.85, 842, 421.000024414063, 1858.30041503906, 0.852100014686584, 0.679099977016448, 0.274358866951266, 694.150024414063],
                  ['C16_1*', 222, 282.85, 849, 438.740014648438, 1789.3994140625, 0.921400010585785, 0.722699999809265, 0.278553390896239, 711.890014648438],
                  ['C17_1*', 237, 299.85, 845, 454.029992675781, 1723.53820800781, 0.994400024414063, 0.761900007724761, 0.28346925843621, 727.179992675781],
                  ['C18_1*', 251, 312.85, 848, 468.380029296875, 1676.9287109375, 1.05789995193481, 0.79720002412796, 0.287737391357527, 741.530029296875],
                  ['C19_1*', 263, 324.85, 858, 480.949975585938, 1648.55773925781, 1.1085000038147, 0.826499998569489, 0.291458537918299, 754.099975585938],
                  ['C20+_1*', 559, 548.969995117188, 941.200012207031, 793.16005859375, 1317.22497558594, 3.06500005722046, 0.935199975967407, 0.455378775434893, 1066.31005859375]]


cp_ig_p = [[-5.7296, 1.9145, -0.00039574, 0.000000876206, -0.000000000495055, 0.000000000000103846],
           [0, -1.03732228818035, 0.00287996154485878, -1.03774024799939E-06, 0, 0],
           [0, -1.05585664069552, 0.00286966518101689, -7.12782149359924E-07, 0, 0],
           [0, 0.984686784402214, 0.00375373388253528, -1.03774024800047E-06, 0, 0],
           [0, -0.840747752164668, 0.00255726334113501, -4.33675605904531E-07, 0, 0],
           [0, -2.88145560672556, 0.010384740910345, -4.04639388105804E-06, 0, 0],
           [0, 0.401842665196899, 0.00276063332852403, -6.1537074010791E-07, 0, 0],
           [0, 0.363445721732031, 0.00277321020981747, -6.26607197186882E-07, 0, 0],
           [0, 0.289295492764045, 0.00279532923083887, -6.46368807759159E-07, 0, 0],
           [0, 0.287795923130279, 0.00279832505819812, -6.49045344553642E-07, 0, 0],
           [0, 0.243335733322471, 0.00281383433011507, -6.62901662678695E-07, 0, 0],
           [0, 0.00104977733823132, 0.00284357030543311, -6.89468424546767E-07, 0, 0],
           [0, -0.0455228510426572, 0.00285298748553286, -6.97881936412695E-07, 0, 0],
           [0, -0.0464566209270463, 0.0028582607848487, -7.02593215786411E-07, 0, 0],
           [0, -0.0343482955355409, 0.00286176258517329, -7.05721799743795E-07, 0, 0],
           [0, -0.00199176478498147, 0.00286301197121922, -7.06838028191254E-07, 0, 0],
           [0, -0.0114147141044563, 0.00286728764790949, -7.10658009989035E-07, 0, 0],
           [0, -0.0301307474620618, 0.00287170769809718, -7.14606978184301E-07, 0, 0],
           [0, -0.0336486770459334, 0.00287484826007218, -7.17412824006906E-07, 0, 0],
           [0, -0.0189798465868634, 0.0028765267076857, -7.18912385315127E-07, 0, 0],
           [0, -0.0135675951174198, 0.00287845491251844, -7.20635085111691E-07, 0, 0],
           [0, 0.0309960260637688, 0.00287735699301306, -7.19654180139058E-07, 0, 0],
           [0, 0.0421922262987443, 0.00287818140367972, -7.20390726414443E-07, 0, 0],
           [0, 0.0263829960801999, 0.00288088780233405, -7.2280868135974E-07, 0, 0],
           [0, 0.0292003487128093, 0.00290119754898458, -7.40953847176372E-07, 0, 0],
           [0, -1.01616685, 0.00291328006, -0.000000751748625, 0, 0],
           [0, 5.26583838, 0.00560375122, -0.00000103774025, 0, 0],
           [0, -1.03732229, 0.00287996154, -0.00000103774025, 0, 0],
           [0, -1.05585664, 0.00286966518, -0.000000712782149, 0, 0],
           [0, 0.984686784, 0.00375373388, -0.00000103774025, 0, 0],
           [0, -0.840747752, 0.00255726334, -0.000000433675606, 0, 0],
           [0, 0.458063399, 0.00272200138, -0.000000580856126, 0, 0],
           [0, 0.401842665, 0.00276063333, -0.00000061537074, 0, 0],
           [0, 0.363445722, 0.00277321021, -0.000000626607197, 0, 0],
           [0, 0.289295493, 0.00279532923, -0.000000646368808, 0, 0],
           [0, 0.287795923, 0.00279832506, -0.000000649045345, 0, 0],
           [0, 0.243335733, 0.00281383433, -0.000000662901663, 0, 0],
           [0, 0.00104977734, 0.00284357031, -0.000000689468425, 0, 0],
           [0, -0.045522851, 0.00285298749, -0.000000697881936, 0, 0],
           [0, -0.0464566209, 0.00285826078, -0.000000702593216, 0, 0],
           [0, -0.0343482955, 0.00286176259, -0.0000007057218, 0, 0],
           [0, -0.00199176478, 0.00286301197, -0.000000706838028, 0, 0],
           [0, -0.0114147141, 0.00286728765, -0.00000071065801, 0, 0],
           [0, -0.0301307475, 0.0028717077, -0.000000714606978, 0, 0],
           [0, -0.033648677, 0.00287484826, -0.000000717412824, 0, 0],
           [0, -0.0189798466, 0.00287652671, -0.000000718912385, 0, 0],
           [0, -0.0135675951, 0.00287845491, -0.000000720635085, 0, 0],
           [0, 0.0309960261, 0.00287735699, -0.00000071965418, 0, 0],
           [0, 0.0421922263, 0.0028781814, -0.000000720390726, 0, 0],
           [0, 0.0263829961, 0.0028808878, -0.000000722808681, 0, 0],
           [0, 0.0573457765, 0.00290117533, -0.000000740933995, 0, 0]]

p_vap_pol = [[65.9278,-7227.53,0,-7.17695,0.0000040313,2],
             [23.264715458511,-842.570008182658,0,-1.78670009288056,4.59081079442078E-14,6],
             [58.7214193930057,-3743.12738236587,0,-6.62021656265479,4.31341269829801E-16,6],
             [21.6674018253512,-1180.80001685052,0,-1.37337552736565,3.58933849493115E-15,6],
             [30.6425206032248,-2320.99936291648,0,-2.57969768707008,2.60190384406393E-16,6],
             [36.1140112179729,-3123.252990111,0,-3.30615864372952,9.17357735527916E-17,6],
             [39.2290481972097,-3642.36767557891,0,-3.71785245717865,5.36682689735539E-17,6],
             [41.0573412742916,-3907.65277155577,0,-3.94540148010397,4.31979566481129E-17,6],
             [43.9826593684582,-4432.42531498365,0,-4.32084575853412,2.80798340274825E-17,6],
             [46.4721180522757,-4701.69253935924,0,-4.6512922050478,2.59333111112593E-17,6],
             [28.8132785652227,-3878.58635617653,0,-2.20469692049457,7.89601242899347E-18,6],
             [27.8168036991775,-4052.66556358466,0,-2.05254681887828,5.09175384465512E-18,6],
             [32.9151550009869,-4688.09134297076,0,-2.73031896499691,4.49496579642992E-18,6],
             [35.7225814723183,-5166.59158858409,0,-3.09912898553627,3.65527112080598E-18,6],
             [39.4182017554984,-5721.67779482312,0,-3.58106233492089,3.14872724332428E-18,6],
             [42.1079999269557,-6183.31239534564,0,-3.92772106031131,2.70903023093782E-18,6],
             [44.6778205233843,-6649.40815171882,0,-4.25434986780275,2.32806802709508E-18,6],
             [46.2291346518732,-7008.75186481958,0,-4.44634415996264,1.99617303738417E-18,6],
             [47.6194240314727,-7363.24655953643,0,-4.61593387633922,1.70781118396938E-18,6],
             [48.7475706610311,-7699.95111236443,0,-4.75050563910339,1.4565773274295E-18,6],
             [48.5257353987408,-7876.52329097958,0,-4.71103704752168,1.23147860823719E-18,6],
             [49.314536579407,-8154.46267683058,0,-4.80297479473847,1.07689669392652E-18,6],
             [48.3352681189656,-8202.82330610284,0,-4.66895117080447,9.32911522878749E-19,6],
             [48.7310277568107,-8388.79065162843,0,-4.71147085801529,8.44093241953074E-19,6],
             [76.7344945086076,-14617.1846610899,0,-8.06443353630335,2.98187404763404E-19,6],
             [57.1548797,-7205.46979,0,-5.61265716,4.2036237E-18,6],
             [32.4177553,-2876.54519,0,-2.67237474,7.92463201E-17,6],
             [58.7214194,-3743.12738,0,-6.62021656,4.3134127E-16,6],
             [23.264715458511,-842.570008182658,0,-1.78670009288056,4.59081079442078E-14,6],
             [21.6674018,-1180.80002,0,-1.37337553,3.58933849E-15,6],
             [30.6425206,-2320.99936,0,-2.57969769,2.60190384E-16,6],
             [36.1140112,-3123.25299,0,-3.30615864,9.17357736E-17,6],
             [39.2290482,-3642.36768,0,-3.71785246,5.3668269E-17,6],
             [41.0573413,-3907.65277,0,-3.94540148,4.31979566E-17,6],
             [43.9826594,-4432.42531,0,-4.32084576,2.8079834E-17,6],
             [46.4721181,-4701.69254,0,-4.65129221,2.59333111E-17,6],
             [50.9870497,-5423.89592,0,-5.23308436,1.74003806E-17,6],
             [54.7229945,-6030.46809,0,-5.69783162,1.30154175E-17,6],
             [64.7861693,-7131.81562,0,-7.02622417,1.17393638E-17,6],
             [73.0357649,-8158.70027,0,-8.09861848,1.00597161E-17,6],
             [82.8860834,-9335.46202,0,-9.37916692,9.09142787E-18,6],
             [91.815067,-10449.2873,0,-10.5313591,8.26090112E-18,6],
             [99.7520416,-11524.7366,0,-11.5414305,7.35832897E-18,6],
             [105.562107,-12410.9881,0,-12.2668834,6.4995817E-18,6],
             [111.714642,-13361.3082,0,-13.0328522,5.76711372E-18,6],
             [118.157771,-14371.1263,0,-13.8325679,5.14066674E-18,6],
             [121.486406,-15063.237,0,-14.2244299,4.515752E-18,6],
             [128.169736,-16090.6612,0,-15.0557112,4.15702453E-18,6],
             [129.439957,-16520.1208,0,-15.1853387,3.72232401E-18,6],
             [132.17104,-17082.3365,0,-15.5066859,3.42173969E-18,6],
             [91.6412827,-17156.2771,0,-9.87032302,3.04046575E-19,6]]



volumn_desviation = [-3.05000000000000e-003, 0.004230000000000, 0.001641200000000, 0.005200000000000,
                     0.005790000000000, 0.006350000000000, 0.007180000000000, 0.006490000000000,
                     0.006200000000000, 0.005120000000000, -1.43580000000000e-003, -8.27660000000000e-003,
                     -1.50970000000000e-002,  -2.25760000000000e-002, -2.90210000000000e-002, -3.45670000000000e-002,
                     -4.07060000000000e-002, -4.63480000000000e-002, -5.13770000000000e-002, -5.55770000000000e-002,
                     -5.91420000000000e-002, -6.09070000000000e-002, -6.26340000000000e-002, -6.45270000000000e-002, -8.09690000000000e-002]



Aij_PR = [[0.000000000000000000, 0.500000000000000000, 0.500000000000000000, 0.500000000000000000, 0.500000000000000000, 0.500000000000000000, 0.500000000000000000, 0.500000000000000000, 0.500000000000000000, 0.500000000000000000, 0.500000000000000000, 0.500000000000000000, 0.500000000000000000, 0.500000000000000000, 0.500000000000000000, 0.500000000000000000, 0.500000000000000000, 0.500000000000000000, 0.500000000000000000, 0.500000000000000000, 0.500000000000000000, 0.500000000000000000, 0.500000000000000000, 0.500000000000000000, 0.500000000000000000],
          [0.500000000000000000, 0.000000000000000000, 0.000029022068702034, 0.000132102984935045, 0.003457053797319530, 0.009168808348476890, 0.015825903043150900, 0.014940264634788000, 0.020518949255347300, 0.020303744822740600, 0.027212968096137000, 0.037387207150459300, 0.038503486663103100, 0.042160205543041200, 0.045937888324260700, 0.050259288400411600, 0.053979739546775800, 0.057601906359195700, 0.061775196343660400, 0.066425427794456500, 0.070841193199157700, 0.075261294841766400, 0.078925296664238000, 0.081737473607063300, 0.144687429070473000],
          [0.500000000000000000, 0.000029022068702034, 0.000000000000000000, 0.000037302481359802, 0.002854873193427920, 0.008176717907190320, 0.014524104073643700, 0.013674849644303300, 0.019041273742914200, 0.018833598122000700, 0.025521120056510000, 0.035424619913101200, 0.036514244973659500, 0.040087014436721800, 0.043783038854599000, 0.048016589134931600, 0.051665663719177200, 0.055221755057573300, 0.059322729706764200, 0.063896752893924700, 0.068244077265262600, 0.072599150240421300, 0.076211705803871200, 0.078985810279846200, 0.141323000192642000],
          [0.500000000000000000, 0.000132102984935045, 0.000037302481359802, 0.000000000000000000, 0.002241341397166250, 0.007119283545762300, 0.013113359920680500, 0.012305633164942300, 0.017429597675800300, 0.017230529338121400, 0.023664455860853200, 0.033257808536291100, 0.034316815435886400, 0.037793308496475200, 0.041395563632249800, 0.045528184622526200, 0.049095183610916100, 0.052575279027223600, 0.056593012064695400, 0.061079274863004700, 0.065347693860530900, 0.069627761840820300, 0.073180936276912700, 0.075911089777946500, 0.137537106871605000],
          [0.500000000000000000, 0.003457053797319530, 0.002854873193427920, 0.002241341397166250, 0.000000000000000000, 0.001385236741043630, 0.004573588725179430, 0.004096960648894310, 0.007283533457666640, 0.007153400685638190, 0.011548703536391300, 0.018629645928740500, 0.019439665600657500, 0.022130833938717800, 0.024966292083263400, 0.028270894661545800, 0.031162675470113800, 0.034015640616416900, 0.037344649434089700, 0.041102431714534800, 0.044713817536830900, 0.048367369920015300, 0.051423139870166800, 0.053784232586622200, 0.109304860234261000],
          [0.500000000000000000, 0.009168808348476890, 0.008176717907190320, 0.007119283545762300, 0.001385236741043630, 0.000000000000000000, 0.000930582522414625, 0.000721926742698997, 0.002334490185603500, 0.002260620240122080, 0.004984168801456690, 0.009980913251638410, 0.010582846589386500, 0.012615906074643100, 0.014805965125560800, 0.017410464584827400, 0.019728749990463300, 0.022046960890293100, 0.024786241352558100, 0.027917340397834800, 0.030960869044065500, 0.034070439636707300, 0.036692541092634200, 0.038730796426534700, 0.088741622865200000],
          [0.500000000000000000, 0.015825903043150900, 0.014524104073643700, 0.013113359920680500, 0.004573588725179430, 0.000930582522414625, 0.000000000000000000, 0.000013255801604828, 0.000318400008836761, 0.000291432806989178, 0.001616139314137400, 0.004853085149079560, 0.005278326105326410, 0.006751312408596280, 0.008390259929001330, 0.010394800454378100, 0.012219966389238800, 0.014076940715313000, 0.016305947676301000, 0.018892889842391000, 0.021441567689180400, 0.024075470864772800, 0.026317209005355800, 0.028071574866771700, 0.073125585913658100],
          [0.500000000000000000, 0.014940264634788000, 0.013674849644303300, 0.012305633164942300, 0.004096960648894310, 0.000721926742698997, 0.000013255801604828, 0.000000000000000000, 0.000461503863334656, 0.000428912462666631, 0.001921388320624830, 0.005370145663619040, 0.005816698540002110, 0.007357318419963120, 0.009062891826033590, 0.011140061542391800, 0.013025005348026800, 0.014937954023480400, 0.017228962853550900, 0.019882116466760600, 0.022491091862320900, 0.025183035060763400, 0.027471225708723100, 0.029260318726301200, 0.074925623834133100],
          [0.500000000000000000, 0.020518949255347300, 0.019041273742914200, 0.017429597675800300, 0.007283533457666640, 0.002334490185603500, 0.000318400008836761, 0.000461503863334656, 0.000000000000000000, 0.000000601149054091, 0.000500747642945498, 0.002693671733140950, 0.003013670910149810, 0.004152568057179450, 0.005461989436298610, 0.007106881588697430, 0.008635740727186200, 0.010214995592832600, 0.012136052362620800, 0.014393812045455000, 0.016642389819026000, 0.018987150862813000, 0.020997155457735100, 0.022578317672014200, 0.064560413360595700],
          [0.500000000000000000, 0.020303744822740600, 0.018833598122000700, 0.017230529338121400, 0.007153400685638190, 0.002260620240122080, 0.000291432806989178, 0.000428912462666631, 0.000000601149054091, 0.000000000000000000, 0.000535904546268284, 0.002774219261482360, 0.003098789602518080, 0.004252227954566480, 0.005576015915721650, 0.007236602250486610, 0.008778395131230350, 0.010369777679443400, 0.012304311618208900, 0.014576471410691700, 0.016838194802403500, 0.019195625558495500, 0.021215802058577500, 0.022804571315646200, 0.064922221004962900],
          [0.500000000000000000, 0.027212968096137000, 0.025521120056510000, 0.023664455860853200, 0.011548703536391300, 0.004984168801456690, 0.001616139314137400, 0.001921388320624830, 0.000500747642945498, 0.000535904546268284, 0.000000000000000000, 0.000874154211487621, 0.001060775015503170, 0.001775694312527780, 0.002666119253262880, 0.003852836554870010, 0.005003439262509350, 0.006227518431842330, 0.007754085119813680, 0.009589251130819320, 0.011451830156147500, 0.013423945754766500, 0.015134813264012300, 0.016492042690515500, 0.054452717304229700],
          [0.500000000000000000, 0.037387207150459300, 0.035424619913101200, 0.033257808536291100, 0.018629645928740500, 0.009980913251638410, 0.004853085149079560, 0.005370145663619040, 0.002693671733140950, 0.002774219261482360, 0.000874154211487621, 0.000000000000000000, 0.000009045122169482, 0.000158558337716386, 0.000488871650304645, 0.001061439979821440, 0.001703765243291850, 0.002449523657560350, 0.003443561494350430, 0.004706851206719880, 0.006045682355761530, 0.007510984782129530, 0.008814089000225070, 0.009865542873740200, 0.042247615754604300],
          [0.500000000000000000, 0.038503486663103100, 0.036514244973659500, 0.034316815435886400, 0.019439665600657500, 0.010582846589386500, 0.005278326105326410, 0.005816698540002110, 0.003013670910149810, 0.003098789602518080, 0.001060775015503170, 0.000009045122169482, 0.000000000000000000, 0.000091885653091595, 0.000364998413715512, 0.000874753051903099, 0.001465012552216650, 0.002161714248359200, 0.003101050620898600, 0.004305510781705380, 0.005590381566435100, 0.007003372069448230, 0.008264327421784400, 0.009284155443310740, 0.041083522140979800],
